260  0   0   2   0   0   2   2   2   260  260   260   0   2   0    2
260  260 260 0   0   260 260 0   0   0    260   0     260 0   260  0
260  0   2   0   0   2   0   0   0   0    0     0     260 0   260  0
260  0   0   260 0   0   0   2   0   2    0     2     260 0   0    0
0    260 0   0   0   0   0   0   0   0    0     0     0   0   260  0
0    0   0   0   0   260 0   2   0   0    0     260   0   0   0    2
0    2   0   260 260 0   0   0   2   0    260   0     260 0   0    2
2    0   260 260 0   0   0   2   0   2    260   2     260 0   0    0
0    0   2   0   2   0   0   0   2   0    260   0     0   0   0    260
2    260 0   0   0   260 0   0   2   0    260   0     0   0   260  0
0    260 0   2   0   260 0   0   0   0    0     0     260 260 0    0
0    0   2   0   0   260 260 0   2   0    0     260   260  0  260  0
260  0   0   0   0   0   0   2   0   2    0     0     2   0   0    2
0    2   2   260 260 260 0   0   0   0    0     2     260 0   260  0
0    0   2   260  0  0   2   0   260 260  260   0     0   0   0    0
260  0   0   260  0  2   0   0   2   0    0     0     0   2   2    2